0,308
0,304
0,303
0,12
0,10
0,8
0,0
0,564
0,425
0,300
0,563
0,424
0,299
0,554
0,423
0,298
0,553
0,422
0,297
0,562
0,421
0,296
0,561
0,420
0,295
0,560
0,419
0,294
0,499
0,418
0,293
0,498
0,417
0,292
0,497
0,416
0,291
0,496
0,480
0,290
0,551
0,479
0,289
0,550
0,478
0,288
0,552
0,415
0,287
0,549
0,477
0,286
0,547
0,414
0,285
0,546
0,413
0,284
0,548
0,412
0,283
0,545
0,411
0,282
0,543
0,410
0,281
0,542
0,409
0,280
0,544
0,407
0,279
0,541
0,406
0,278
0,540
0,405
0,277
0,539
0,404
0,276
0,476
0,403
0,275
0,475
0,402
0,274
0,525
0,401
0,273
0,537
0,400
0,272
0,538
0,399
0,271
0,536
0,398
0,270
0,534
0,397
0,269
0,533
0,396
0,268
0,535
0,395
0,267
0,532
0,394
0,266
0,531
0,393
0,265
0,474
0,392
0,264
0,473
0,391
0,263
0,524
0,390
0,262
0,530
0,389
0,261
0,529
0,388
0,260
0,527
0,387
0,259
0,526
0,386
0,258
0,528
0,385
0,257
0,472
0,384
0,256
0,470
0,383
0,255
0,469
0,382
0,254
0,471
0,381
0,253
0,468
0,380
0,252
0,466
0,379
0,251
0,465
0,378
0,250
0,467
0,377
0,249
0,464
0,376
0,248
0,462
0,375
0,247
0,461
0,374
0,246
0,463
0,373
0,245
0,460
0,372
0,244
0,459
0,371
0,242
0,458
0,370
0,241
0,495
0,369
0,240
0,457
0,368
0,305
0,307
0,322
0,408
0,494
2,2
3,0
3,2
4,0
4,1
4,3
245,0
245,2
245,3
246,0
246,2
246,3
247,0
247,1
247,3
248,1
248,2
249,0
249,1
249,3
250,0
250,2
251,0
251,1
251,3
252,0
252,2
253,0
253,1
253,3
253,4
253,6
253,8
254,0
254,2
254,3
254,1
253,7
253,5
253,2
252,3
252,1
251,2
250,3
250,1
249,2
248,3
248,0
247,2
246,4
246,1
245,4
245,1
4,2
3,3
3,1
1,2
0,333
0,310
0,302
0,243
2,1
2,3
1,1
2,0
1,3
1,0
0,9
0,239
0,493
0,367
0,238
0,455
0,366
0,237
0,456
0,365
0,236
0,492
0,454
0,235
0,452
0,364
0,234
0,491
0,451
0,233
0,453
0,363
0,232
0,450
0,362
0,231
0,449
0,361
0,230
0,490
0,359
0,229
0,489
0,358
0,228
0,488
0,360
0,227
0,448
0,357
0,226
0,447
0,356
0,225
0,445
0,355
0,224
0,444
0,354
0,223
0,446
0,353
0,222
0,443
0,352
0,221
0,442
0,351
0,220
0,441
0,350
0,219
0,440
0,349
0,218
0,439
0,348
0,217
0,438
0,347
0,216
0,559
0,346
0,215
0,556
0,345
0,214
0,555
0,344
0,213
0,557
0,343
0,212
0,558
0,342
0,211
0,523
0,341
0,210
0,521
0,340
0,209
0,520
0,339
0,208
0,522
0,338
0,207
0,519
0,337
0,206
0,517
0,336
0,205
0,516
0,335
0,204
0,518
0,334
0,203
0,437
0,202
0,436
0,332
0,201
0,514
0,331
0,200
0,515
0,435
0,199
0,513
0,330
0,198
0,434
0,329
0,197
0,433
0,328
0,196
0,512
0,327
0,195
0,511
0,432
0,194
0,509
0,431
0,193
0,508
0,326
0,192
0,510
0,325
0,63
0,507
0,324
0,62
0,487
0,323
0,61
0,506
0,430
0,60
0,486
0,321
0,59
0,429
0,320
0,58
0,428
0,319
0,57
0,505
0,318
0,56
0,485
0,427
0,55
0,484
0,426
0,54
0,504
0,317
0,53
0,503
0,316
0,52
0,501
0,315
0,51
0,500
0,314
0,50
0,502
0,313
0,49
0,482
0,312
0,48
0,481
0,311
0,47
0,483
0,309
0,46
0,565
0,306
0,45
0,566
0,301
0,6
0,5
0,1
0,11
0,4
0,2
0,3
0,7
